EANCode
8903289952133
8903289512221
8903289930650
8903289937581
8903289951730
8903289952638
8903289011557
8903289011618
8903289951389
8903289951082
8903289953062
8903289936881
8903289143340
8903289242647
8903289512214
8903289095861
8903289095984
8903289096592
8903289096950
8903289095878
8903289200456
8903289140226
8903289096240
8903289111486
8903289140226
8903289199989
8903289118355
8903289118058
8903289118157
8903289095892
8903289118065
8903289308596
8903289946736
8903289947535
8903289029132
8903289311206
8903289311800
8903289029149
8903289028852
8903289117808
8903289028869
8903289028982
8903289201545
8903289201071
8903289007086
8903289120099
8903289120402
8903289120204
8903289098008
8903289098213
8903289097612
8903289097216
8903289191532
8903289191778
8903289191662
8903289201644
8903289192263
8903289191792
8903289148826
8903289236882
8903289205543
8903289153417
8903289123540
8903289123182
8903289123427
8903289123304
8903289144026
8903289347939
8903289347823
8903289347946
8903289351608
8903289145283
8903289151864
8903289156326
8903289106611
8903289106536
8903289105737
8903289106031
8903289123991
8903289243668
8903289143562
8903289116290
8903289123052
8903289119260
8903289119420
8903289220614
8903289072497
8903289088825
8903289089198
8903289072541
8903289103733
8903289072664
